100
0 7672 6600 2257 1973 8998 1691 8275 2606 5847 1824 8120 9201 5147 8678 9047 2530 2398 5470 9898 8246 39 6431 1368 5745 8696 4568 3860 6753 3467 7183 6212 1797 8974 9672 2923 2311 4575 1037 9828 2050 9522 7911 7651 8444 4138 8143 4065 3537 3668 3404 4952 7931 8697 3340 9894 7522 3141 109
1 7672 6600 2257 1973 8998 1691 8275 2606 5847 1824 8120 9201 5147 8678 9047 2530 2398 5470 9898 8246 39 6431 1368 5745 8696 4568 3860 6753 3467 7183 6212 1797 8974 9672 2923 2311 4575 1037 9828 2050 9522 7911 7651 8444 4138 8143 4065 3537 3668 3404 4952 7931 8697 3340 9894 7522 3141 109
2 7672 6600 2257 1973 8998 1691 8275 2606 5847 1824 8120 9201 5147 8678 9047 2530 2398 5470 9898 8246 39 6431 1368 5745 8696 4568 3860 6753 3467 7183 6212 1797 8974 9672 2923 2311 4575 1037 9828 2050 9522 7911 7651 8444 4138 8143 4065 3537 3668 3404 4952 7931 8697 3340 9894 7522 3141 109
3 7672 6600 2257 1973 8998 1691 8275 2606 5847 1824 8120 9201 5147 8678 9047 2530 2398 5470 9898 8246 39 6431 1368 5745 8696 4568 3860 6753 3467 7183 6212 1797 8974 9672 2923 2311 4575 1037 9828 2050 9522 7911 7651 8444 4138 8143 4065 3537 3668 3404 4952 7931 8697 3340 9894 7522 3141 109
4 7672 6600 2257 1973 8998 1691 8275 2606 5847 1824 8120 9201 5147 8678 9047 2530 2398 5470 9898 8246 39 6431 1368 5745 8696 4568 3860 6753 3467 7183 6212 1797 8974 9672 2923 2311 4575 1037 9828 2050 9522 7911 7651 8444 4138 8143 4065 3537 3668 3404 4952 7931 8697 3340 9894 7522 3141 109
5 7672 6600 2257 1973 8998 1691 8275 2606 5847 1824 8120 9201 5147 8678 9047 2530 2398 5470 9898 8246 39 6431 1368 5745 8696 4568 3860 6753 3467 7183 6212 1797 8974 9672 2923 2311 4575 1037 9828 2050 9522 7911 7651 8444 4138 8143 4065 3537 3668 3404 4952 7931 8697 3340 9894 7522 3141 109
6 7672 6600 2257 1973 8998 1691 8275 2606 5847 1824 8120 9201 5147 8678 9047 2530 2398 5470 9898 8246 39 6431 1368 5745 8696 4568 3860 6753 3467 7183 6212 1797 8974 9672 2923 2311 4575 1037 9828 2050 9522 7911 7651 8444 4138 8143 4065 3537 3668 3404 4952 7931 8697 3340 9894 7522 3141 109
7 7672 6600 2257 1973 8998 1691 8275 2606 5847 1824 8120 9201 5147 8678 9047 2530 2398 5470 9898 8246 39 6431 1368 5745 8696 4568 3860 6753 3467 7183 6212 1797 8974 9672 2923 2311 4575 1037 9828 2050 9522 7911 7651 8444 4138 8143 4065 3537 3668 3404 4952 7931 8697 3340 9894 7522 3141 109
8 7672 6600 2257 1973 8998 1691 8275 2606 5847 1824 8120 9201 5147 8678 9047 2530 2398 5470 9898 8246 39 6431 1368 5745 8696 4568 3860 6753 3467 7183 6212 1797 8974 9672 2923 2311 4575 1037 9828 2050 9522 7911 7651 8444 4138 8143 4065 3537 3668 3404 4952 7931 8697 3340 9894 7522 3141 109
9 7672 6600 2257 1973 8998 1691 8275 2606 5847 1824 8120 9201 5147 8678 9047 2530 2398 5470 9898 8246 39 6431 1368 5745 8696 4568 3860 6753 3467 7183 6212 1797 8974 9672 2923 2311 4575 1037 9828 2050 9522 7911 7651 8444 4138 8143 4065 3537 3668 3404 4952 7931 8697 3340 9894 7522 3141 109
10 7672 6600 2257 1973 8998 1691 8275 2606 5847 1824 8120 9201 5147 8678 9047 2530 2398 5470 9898 8246 39 6431 1368 5745 8696 4568 3860 6753 3467 7183 6212 1797 8974 9672 2923 2311 4575 1037 9828 2050 9522 7911 7651 8444 4138 8143 4065 3537 3668 3404 4952 7931 8697 3340 9894 7522 3141 109
11 7672 6600 2257 1973 8998 1691 8275 2606 5847 1824 8120 9201 5147 8678 9047 2530 2398 5470 9898 8246 39 6431 1368 5745 8696 4568 3860 6753 3467 7183 6212 1797 8974 9672 2923 2311 4575 1037 9828 2050 9522 7911 7651 8444 4138 8143 4065 3537 3668 3404 4952 7931 8697 3340 9894 7522 3141 109
12 7672 6600 2257 1973 8998 1691 8275 2606 5847 1824 8120 9201 5147 8678 9047 2530 2398 5470 9898 8246 39 6431 1368 5745 8696 4568 3860 6753 3467 7183 6212 1797 8974 9672 2923 2311 4575 1037 9828 2050 9522 7911 7651 8444 4138 8143 4065 3537 3668 3404 4952 7931 8697 3340 9894 7522 3141 109
13 7672 6600 2257 1973 8998 1691 8275 2606 5847 1824 8120 9201 5147 8678 9047 2530 2398 5470 9898 8246 39 6431 1368 5745 8696 4568 3860 6753 3467 7183 6212 1797 8974 9672 2923 2311 4575 1037 9828 2050 9522 7911 7651 8444 4138 8143 4065 3537 3668 3404 4952 7931 8697 3340 9894 7522 3141 109
14 7672 6600 2257 1973 8998 1691 8275 2606 5847 1824 8120 9201 5147 8678 9047 2530 2398 5470 9898 8246 39 6431 1368 5745 8696 4568 3860 6753 3467 7183 6212 1797 8974 9672 2923 2311 4575 1037 9828 2050 9522 7911 7651 8444 4138 8143 4065 3537 3668 3404 4952 7931 8697 3340 9894 7522 3141 109
15 7672 6600 2257 1973 8998 1691 8275 2606 5847 1824 8120 9201 5147 8678 9047 2530 2398 5470 9898 8246 39 6431 1368 5745 8696 4568 3860 6753 3467 7183 6212 1797 8974 9672 2923 2311 4575 1037 9828 2050 9522 7911 7651 8444 4138 8143 4065 3537 3668 3404 4952 7931 8697 3340 9894 7522 3141 109
16 7672 6600 2257 1973 8998 1691 8275 2606 5847 1824 8120 9201 5147 8678 9047 2530 2398 5470 9898 8246 39 6431 1368 5745 8696 4568 3860 6753 3467 7183 6212 1797 8974 9672 2923 2311 4575 1037 9828 2050 9522 7911 7651 8444 4138 8143 4065 3537 3668 3404 4952 7931 8697 3340 9894 7522 3141 109
17 7672 6600 2257 1973 8998 1691 8275 2606 5847 1824 8120 9201 5147 8678 9047 2530 2398 5470 9898 8246 39 6431 1368 5745 8696 4568 3860 6753 3467 7183 6212 1797 8974 9672 2923 2311 4575 1037 9828 2050 9522 7911 7651 8444 4138 8143 4065 3537 3668 3404 4952 7931 8697 3340 9894 7522 3141 109
18 7672 6600 2257 1973 8998 1691 8275 2606 5847 1824 8120 9201 5147 8678 9047 2530 2398 5470 9898 8246 39 6431 1368 5745 8696 4568 3860 6753 3467 7183 6212 1797 8974 9672 2923 2311 4575 1037 9828 2050 9522 7911 7651 8444 4138 8143 4065 3537 3668 3404 4952 7931 8697 3340 9894 7522 3141 109
19 7672 6600 2257 1973 8998 1691 8275 2606 5847 1824 8120 9201 5147 8678 9047 2530 2398 5470 9898 8246 39 6431 1368 5745 8696 4568 3860 6753 3467 7183 6212 1797 8974 9672 2923 2311 4575 1037 9828 2050 9522 7911 7651 8444 4138 8143 4065 3537 3668 3404 4952 7931 8697 3340 9894 7522 3141 109
20 7672 6600 2257 1973 8998 1691 8275 2606 5847 1824 8120 9201 5147 8678 9047 2530 2398 5470 9898 8246 39 6431 1368 5745 8696 4568 3860 6753 3467 7183 6212 1797 8974 9672 2923 2311 4575 1037 9828 2050 9522 7911 7651 8444 4138 8143 4065 3537 3668 3404 4952 7931 8697 3340 9894 7522 3141 109
21 7672 6600 2257 1973 8998 1691 8275 2606 5847 1824 8120 9201 5147 8678 9047 2530 2398 5470 9898 8246 39 6431 1368 5745 8696 4568 3860 6753 3467 7183 6212 1797 8974 9672 2923 2311 4575 1037 9828 2050 9522 7911 7651 8444 4138 8143 4065 3537 3668 3404 4952 7931 8697 3340 9894 7522 3141 109
22 7672 6600 2257 1973 8998 1691 8275 2606 5847 1824 8120 9201 5147 8678 9047 2530 2398 5470 9898 8246 39 6431 1368 5745 8696 4568 3860 6753 3467 7183 6212 1797 8974 9672 2923 2311 4575 1037 9828 2050 9522 7911 7651 8444 4138 8143 4065 3537 3668 3404 4952 7931 8697 3340 9894 7522 3141 109
23 7672 6600 2257 1973 8998 1691 8275 2606 5847 1824 8120 9201 5147 8678 9047 2530 2398 5470 9898 8246 39 6431 1368 5745 8696 4568 3860 6753 3467 7183 6212 1797 8974 9672 2923 2311 4575 1037 9828 2050 9522 7911 7651 8444 4138 8143 4065 3537 3668 3404 4952 7931 8697 3340 9894 7522 3141 109
24 7672 6600 2257 1973 8998 1691 8275 2606 5847 1824 8120 9201 5147 8678 9047 2530 2398 5470 9898 8246 39 6431 1368 5745 8696 4568 3860 6753 3467 7183 6212 1797 8974 9672 2923 2311 4575 1037 9828 2050 9522 7911 7651 8444 4138 8143 4065 3537 3668 3404 4952 7931 8697 3340 9894 7522 3141 109
25 7672 6600 2257 1973 8998 1691 8275 2606 5847 1824 8120 9201 5147 8678 9047 2530 2398 5470 9898 8246 39 6431 1368 5745 8696 4568 3860 6753 3467 7183 6212 1797 8974 9672 2923 2311 4575 1037 9828 2050 9522 7911 7651 8444 4138 8143 4065 3537 3668 3404 4952 7931 8697 3340 9894 7522 3141 109
26 7672 6600 2257 1973 8998 1691 8275 2606 5847 1824 8120 9201 5147 8678 9047 2530 2398 5470 9898 8246 39 6431 1368 5745 8696 4568 3860 6753 3467 7183 6212 1797 8974 9672 2923 2311 4575 1037 9828 2050 9522 7911 7651 8444 4138 8143 4065 3537 3668 3404 4952 7931 8697 3340 9894 7522 3141 109
27 7672 6600 2257 1973 8998 1691 8275 2606 5847 1824 8120 9201 5147 8678 9047 2530 2398 5470 9898 8246 39 6431 1368 5745 8696 4568 3860 6753 3467 7183 6212 1797 8974 9672 2923 2311 4575 1037 9828 2050 9522 7911 7651 8444 4138 8143 4065 3537 3668 3404 4952 7931 8697 3340 9894 7522 3141 109
28 7672 6600 2257 1973 8998 1691 8275 2606 5847 1824 8120 9201 5147 8678 9047 2530 2398 5470 9898 8246 39 6431 1368 5745 8696 4568 3860 6753 3467 7183 6212 1797 8974 9672 2923 2311 4575 1037 9828 2050 9522 7911 7651 8444 4138 8143 4065 3537 3668 3404 4952 7931 8697 3340 9894 7522 3141 109
29 7672 6600 2257 1973 8998 1691 8275 2606 5847 1824 8120 9201 5147 8678 9047 2530 2398 5470 9898 8246 39 6431 1368 5745 8696 4568 3860 6753 3467 7183 6212 1797 8974 9672 2923 2311 4575 1037 9828 2050 9522 7911 7651 8444 4138 8143 4065 3537 3668 3404 4952 7931 8697 3340 9894 7522 3141 109
30 7672 6600 2257 1973 8998 1691 8275 2606 5847 1824 8120 9201 5147 8678 9047 2530 2398 5470 9898 8246 39 6431 1368 5745 8696 4568 3860 6753 3467 7183 6212 1797 8974 9672 2923 2311 4575 1037 9828 2050 9522 7911 7651 8444 4138 8143 4065 3537 3668 3404 4952 7931 8697 3340 9894 7522 3141 109
31 7672 6600 2257 1973 8998 1691 8275 2606 5847 1824 8120 9201 5147 8678 9047 2530 2398 5470 9898 8246 39 6431 1368 5745 8696 4568 3860 6753 3467 7183 6212 1797 8974 9672 2923 2311 4575 1037 9828 2050 9522 7911 7651 8444 4138 8143 4065 3537 3668 3404 4952 7931 8697 3340 9894 7522 3141 109
32 7672 6600 2257 1973 8998 1691 8275 2606 5847 1824 8120 9201 5147 8678 9047 2530 2398 5470 9898 8246 39 6431 1368 5745 8696 4568 3860 6753 3467 7183 6212 1797 8974 9672 2923 2311 4575 1037 9828 2050 9522 7911 7651 8444 4138 8143 4065 3537 3668 3404 4952 7931 8697 3340 9894 7522 3141 109
33 7672 6600 2257 1973 8998 1691 8275 2606 5847 1824 8120 9201 5147 8678 9047 2530 2398 5470 9898 8246 39 6431 1368 5745 8696 4568 3860 6753 3467 7183 6212 1797 8974 9672 2923 2311 4575 1037 9828 2050 9522 7911 7651 8444 4138 8143 4065 3537 3668 3404 4952 7931 8697 3340 9894 7522 3141 109
34 7672 6600 2257 1973 8998 1691 8275 2606 5847 1824 8120 9201 5147 8678 9047 2530 2398 5470 9898 8246 39 6431 1368 5745 8696 4568 3860 6753 3467 7183 6212 1797 8974 9672 2923 2311 4575 1037 9828 2050 9522 7911 7651 8444 4138 8143 4065 3537 3668 3404 4952 7931 8697 3340 9894 7522 3141 109
35 7672 6600 2257 1973 8998 1691 8275 2606 5847 1824 8120 9201 5147 8678 9047 2530 2398 5470 9898 8246 39 6431 1368 5745 8696 4568 3860 6753 3467 7183 6212 1797 8974 9672 2923 2311 4575 1037 9828 2050 9522 7911 7651 8444 4138 8143 4065 3537 3668 3404 4952 7931 8697 3340 9894 7522 3141 109
36 7672 6600 2257 1973 8998 1691 8275 2606 5847 1824 8120 9201 5147 8678 9047 2530 2398 5470 9898 8246 39 6431 1368 5745 8696 4568 3860 6753 3467 7183 6212 1797 8974 9672 2923 2311 4575 1037 9828 2050 9522 7911 7651 8444 4138 8143 4065 3537 3668 3404 4952 7931 8697 3340 9894 7522 3141 109
37 7672 6600 2257 1973 8998 1691 8275 2606 5847 1824 8120 9201 5147 8678 9047 2530 2398 5470 9898 8246 39 6431 1368 5745 8696 4568 3860 6753 3467 7183 6212 1797 8974 9672 2923 2311 4575 1037 9828 2050 9522 7911 7651 8444 4138 8143 4065 3537 3668 3404 4952 7931 8697 3340 9894 7522 3141 109
38 7672 6600 2257 1973 8998 1691 8275 2606 5847 1824 8120 9201 5147 8678 9047 2530 2398 5470 9898 8246 39 6431 1368 5745 8696 4568 3860 6753 3467 7183 6212 1797 8974 9672 2923 2311 4575 1037 9828 2050 9522 7911 7651 8444 4138 8143 4065 3537 3668 3404 4952 7931 8697 3340 9894 7522 3141 109
39 7672 6600 2257 1973 8998 1691 8275 2606 5847 1824 8120 9201 5147 8678 9047 2530 2398 5470 9898 8246 39 6431 1368 5745 8696 4568 3860 6753 3467 7183 6212 1797 8974 9672 2923 2311 4575 1037 9828 2050 9522 7911 7651 8444 4138 8143 4065 3537 3668 3404 4952 7931 8697 3340 9894 7522 3141 109
40 7672 6600 2257 1973 8998 1691 8275 2606 5847 1824 8120 9201 5147 8678 9047 2530 2398 5470 9898 8246 39 6431 1368 5745 8696 4568 3860 6753 3467 7183 6212 1797 8974 9672 2923 2311 4575 1037 9828 2050 9522 7911 7651 8444 4138 8143 4065 3537 3668 3404 4952 7931 8697 3340 9894 7522 3141 109
41 7672 6600 2257 1973 8998 1691 8275 2606 5847 1824 8120 9201 5147 8678 9047 2530 2398 5470 9898 8246 39 6431 1368 5745 8696 4568 3860 6753 3467 7183 6212 1797 8974 9672 2923 2311 4575 1037 9828 2050 9522 7911 7651 8444 4138 8143 4065 3537 3668 3404 4952 7931 8697 3340 9894 7522 3141 109
42 7672 6600 2257 1973 8998 1691 8275 2606 5847 1824 8120 9201 5147 8678 9047 2530 2398 5470 9898 8246 39 6431 1368 5745 8696 4568 3860 6753 3467 7183 6212 1797 8974 9672 2923 2311 4575 1037 9828 2050 9522 7911 7651 8444 4138 8143 4065 3537 3668 3404 4952 7931 8697 3340 9894 7522 3141 109
43 7672 6600 2257 1973 8998 1691 8275 2606 5847 1824 8120 9201 5147 8678 9047 2530 2398 5470 9898 8246 39 6431 1368 5745 8696 4568 3860 6753 3467 7183 6212 1797 8974 9672 2923 2311 4575 1037 9828 2050 9522 7911 7651 8444 4138 8143 4065 3537 3668 3404 4952 7931 8697 3340 9894 7522 3141 109
44 7672 6600 2257 1973 8998 1691 8275 2606 5847 1824 8120 9201 5147 8678 9047 2530 2398 5470 9898 8246 39 6431 1368 5745 8696 4568 3860 6753 3467 7183 6212 1797 8974 9672 2923 2311 4575 1037 9828 2050 9522 7911 7651 8444 4138 8143 4065 3537 3668 3404 4952 7931 8697 3340 9894 7522 3141 109
45 7672 6600 2257 1973 8998 1691 8275 2606 5847 1824 8120 9201 5147 8678 9047 2530 2398 5470 9898 8246 39 6431 1368 5745 8696 4568 3860 6753 3467 7183 6212 1797 8974 9672 2923 2311 4575 1037 9828 2050 9522 7911 7651 8444 4138 8143 4065 3537 3668 3404 4952 7931 8697 3340 9894 7522 3141 109
46 7672 6600 2257 1973 8998 1691 8275 2606 5847 1824 8120 9201 5147 8678 9047 2530 2398 5470 9898 8246 39 6431 1368 5745 8696 4568 3860 6753 3467 7183 6212 1797 8974 9672 2923 2311 4575 1037 9828 2050 9522 7911 7651 8444 4138 8143 4065 3537 3668 3404 4952 7931 8697 3340 9894 7522 3141 109
47 7672 6600 2257 1973 8998 1691 8275 2606 5847 1824 8120 9201 5147 8678 9047 2530 2398 5470 9898 8246 39 6431 1368 5745 8696 4568 3860 6753 3467 7183 6212 1797 8974 9672 2923 2311 4575 1037 9828 2050 9522 7911 7651 8444 4138 8143 4065 3537 3668 3404 4952 7931 8697 3340 9894 7522 3141 109
48 7672 6600 2257 1973 8998 1691 8275 2606 5847 1824 8120 9201 5147 8678 9047 2530 2398 5470 9898 8246 39 6431 1368 5745 8696 4568 3860 6753 3467 7183 6212 1797 8974 9672 2923 2311 4575 1037 9828 2050 9522 7911 7651 8444 4138 8143 4065 3537 3668 3404 4952 7931 8697 3340 9894 7522 3141 109
49 7672 6600 2257 1973 8998 1691 8275 2606 5847 1824 8120 9201 5147 8678 9047 2530 2398 5470 9898 8246 39 6431 1368 5745 8696 4568 3860 6753 3467 7183 6212 1797 8974 9672 2923 2311 4575 1037 9828 2050 9522 7911 7651 8444 4138 8143 4065 3537 3668 3404 4952 7931 8697 3340 9894 7522 3141 109
50 7672 6600 2257 1973 8998 1691 8275 2606 5847 1824 8120 9201 5147 8678 9047 2530 2398 5470 9898 8246 39 6431 1368 5745 8696 4568 3860 6753 3467 7183 6212 1797 8974 9672 2923 2311 4575 1037 9828 2050 9522 7911 7651 8444 4138 8143 4065 3537 3668 3404 4952 7931 8697 3340 9894 7522 3141 109
51 7672 6600 2257 1973 8998 1691 8275 2606 5847 1824 8120 9201 5147 8678 9047 2530 2398 5470 9898 8246 39 6431 1368 5745 8696 4568 3860 6753 3467 7183 6212 1797 8974 9672 2923 2311 4575 1037 9828 2050 9522 7911 7651 8444 4138 8143 4065 3537 3668 3404 4952 7931 8697 3340 9894 7522 3141 109
52 7672 6600 2257 1973 8998 1691 8275 2606 5847 1824 8120 9201 5147 8678 9047 2530 2398 5470 9898 8246 39 6431 1368 5745 8696 4568 3860 6753 3467 7183 6212 1797 8974 9672 2923 2311 4575 1037 9828 2050 9522 7911 7651 8444 4138 8143 4065 3537 3668 3404 4952 7931 8697 3340 9894 7522 3141 109
53 7672 6600 2257 1973 8998 1691 8275 2606 5847 1824 8120 9201 5147 8678 9047 2530 2398 5470 9898 8246 39 6431 1368 5745 8696 4568 3860 6753 3467 7183 6212 1797 8974 9672 2923 2311 4575 1037 9828 2050 9522 7911 7651 8444 4138 8143 4065 3537 3668 3404 4952 7931 8697 3340 9894 7522 3141 109
54 7672 6600 2257 1973 8998 1691 8275 2606 5847 1824 8120 9201 5147 8678 9047 2530 2398 5470 9898 8246 39 6431 1368 5745 8696 4568 3860 6753 3467 7183 6212 1797 8974 9672 2923 2311 4575 1037 9828 2050 9522 7911 7651 8444 4138 8143 4065 3537 3668 3404 4952 7931 8697 3340 9894 7522 3141 109
55 7672 6600 2257 1973 8998 1691 8275 2606 5847 1824 8120 9201 5147 8678 9047 2530 2398 5470 9898 8246 39 6431 1368 5745 8696 4568 3860 6753 3467 7183 6212 1797 8974 9672 2923 2311 4575 1037 9828 2050 9522 7911 7651 8444 4138 8143 4065 3537 3668 3404 4952 7931 8697 3340 9894 7522 3141 109
56 7672 6600 2257 1973 8998 1691 8275 2606 5847 1824 8120 9201 5147 8678 9047 2530 2398 5470 9898 8246 39 6431 1368 5745 8696 4568 3860 6753 3467 7183 6212 1797 8974 9672 2923 2311 4575 1037 9828 2050 9522 7911 7651 8444 4138 8143 4065 3537 3668 3404 4952 7931 8697 3340 9894 7522 3141 109
57 7672 6600 2257 1973 8998 1691 8275 2606 5847 1824 8120 9201 5147 8678 9047 2530 2398 5470 9898 8246 39 6431 1368 5745 8696 4568 3860 6753 3467 7183 6212 1797 8974 9672 2923 2311 4575 1037 9828 2050 9522 7911 7651 8444 4138 8143 4065 3537 3668 3404 4952 7931 8697 3340 9894 7522 3141 109
58 7672 6600 2257 1973 8998 1691 8275 2606 5847 1824 8120 9201 5147 8678 9047 2530 2398 5470 9898 8246 39 6431 1368 5745 8696 4568 3860 6753 3467 7183 6212 1797 8974 9672 2923 2311 4575 1037 9828 2050 9522 7911 7651 8444 4138 8143 4065 3537 3668 3404 4952 7931 8697 3340 9894 7522 3141 109
59 7672 6600 2257 1973 8998 1691 8275 2606 5847 1824 8120 9201 5147 8678 9047 2530 2398 5470 9898 8246 39 6431 1368 5745 8696 4568 3860 6753 3467 7183 6212 1797 8974 9672 2923 2311 4575 1037 9828 2050 9522 7911 7651 8444 4138 8143 4065 3537 3668 3404 4952 7931 8697 3340 9894 7522 3141 109
60 7672 6600 2257 1973 8998 1691 8275 2606 5847 1824 8120 9201 5147 8678 9047 2530 2398 5470 9898 8246 39 6431 1368 5745 8696 4568 3860 6753 3467 7183 6212 1797 8974 9672 2923 2311 4575 1037 9828 2050 9522 7911 7651 8444 4138 8143 4065 3537 3668 3404 4952 7931 8697 3340 9894 7522 3141 109
61 7672 6600 2257 1973 8998 1691 8275 2606 5847 1824 8120 9201 5147 8678 9047 2530 2398 5470 9898 8246 39 6431 1368 5745 8696 4568 3860 6753 3467 7183 6212 1797 8974 9672 2923 2311 4575 1037 9828 2050 9522 7911 7651 8444 4138 8143 4065 3537 3668 3404 4952 7931 8697 3340 9894 7522 3141 109
62 7672 6600 2257 1973 8998 1691 8275 2606 5847 1824 8120 9201 5147 8678 9047 2530 2398 5470 9898 8246 39 6431 1368 5745 8696 4568 3860 6753 3467 7183 6212 1797 8974 9672 2923 2311 4575 1037 9828 2050 9522 7911 7651 8444 4138 8143 4065 3537 3668 3404 4952 7931 8697 3340 9894 7522 3141 109
63 7672 6600 2257 1973 8998 1691 8275 2606 5847 1824 8120 9201 5147 8678 9047 2530 2398 5470 9898 8246 39 6431 1368 5745 8696 4568 3860 6753 3467 7183 6212 1797 8974 9672 2923 2311 4575 1037 9828 2050 9522 7911 7651 8444 4138 8143 4065 3537 3668 3404 4952 7931 8697 3340 9894 7522 3141 109
64 7672 6600 2257 1973 8998 1691 8275 2606 5847 1824 8120 9201 5147 8678 9047 2530 2398 5470 9898 8246 39 6431 1368 5745 8696 4568 3860 6753 3467 7183 6212 1797 8974 9672 2923 2311 4575 1037 9828 2050 9522 7911 7651 8444 4138 8143 4065 3537 3668 3404 4952 7931 8697 3340 9894 7522 3141 109
65 7672 6600 2257 1973 8998 1691 8275 2606 5847 1824 8120 9201 5147 8678 9047 2530 2398 5470 9898 8246 39 6431 1368 5745 8696 4568 3860 6753 3467 7183 6212 1797 8974 9672 2923 2311 4575 1037 9828 2050 9522 7911 7651 8444 4138 8143 4065 3537 3668 3404 4952 7931 8697 3340 9894 7522 3141 109
66 7672 6600 2257 1973 8998 1691 8275 2606 5847 1824 8120 9201 5147 8678 9047 2530 2398 5470 9898 8246 39 6431 1368 5745 8696 4568 3860 6753 3467 7183 6212 1797 8974 9672 2923 2311 4575 1037 9828 2050 9522 7911 7651 8444 4138 8143 4065 3537 3668 3404 4952 7931 8697 3340 9894 7522 3141 109
67 7672 6600 2257 1973 8998 1691 8275 2606 5847 1824 8120 9201 5147 8678 9047 2530 2398 5470 9898 8246 39 6431 1368 5745 8696 4568 3860 6753 3467 7183 6212 1797 8974 9672 2923 2311 4575 1037 9828 2050 9522 7911 7651 8444 4138 8143 4065 3537 3668 3404 4952 7931 8697 3340 9894 7522 3141 109
68 7672 6600 2257 1973 8998 1691 8275 2606 5847 1824 8120 9201 5147 8678 9047 2530 2398 5470 9898 8246 39 6431 1368 5745 8696 4568 3860 6753 3467 7183 6212 1797 8974 9672 2923 2311 4575 1037 9828 2050 9522 7911 7651 8444 4138 8143 4065 3537 3668 3404 4952 7931 8697 3340 9894 7522 3141 109
69 7672 6600 2257 1973 8998 1691 8275 2606 5847 1824 8120 9201 5147 8678 9047 2530 2398 5470 9898 8246 39 6431 1368 5745 8696 4568 3860 6753 3467 7183 6212 1797 8974 9672 2923 2311 4575 1037 9828 2050 9522 7911 7651 8444 4138 8143 4065 3537 3668 3404 4952 7931 8697 3340 9894 7522 3141 109
70 7672 6600 2257 1973 8998 1691 8275 2606 5847 1824 8120 9201 5147 8678 9047 2530 2398 5470 9898 8246 39 6431 1368 5745 8696 4568 3860 6753 3467 7183 6212 1797 8974 9672 2923 2311 4575 1037 9828 2050 9522 7911 7651 8444 4138 8143 4065 3537 3668 3404 4952 7931 8697 3340 9894 7522 3141 109
71 7672 6600 2257 1973 8998 1691 8275 2606 5847 1824 8120 9201 5147 8678 9047 2530 2398 5470 9898 8246 39 6431 1368 5745 8696 4568 3860 6753 3467 7183 6212 1797 8974 9672 2923 2311 4575 1037 9828 2050 9522 7911 7651 8444 4138 8143 4065 3537 3668 3404 4952 7931 8697 3340 9894 7522 3141 109
72 7672 6600 2257 1973 8998 1691 8275 2606 5847 1824 8120 9201 5147 8678 9047 2530 2398 5470 9898 8246 39 6431 1368 5745 8696 4568 3860 6753 3467 7183 6212 1797 8974 9672 2923 2311 4575 1037 9828 2050 9522 7911 7651 8444 4138 8143 4065 3537 3668 3404 4952 7931 8697 3340 9894 7522 3141 109
73 7672 6600 2257 1973 8998 1691 8275 2606 5847 1824 8120 9201 5147 8678 9047 2530 2398 5470 9898 8246 39 6431 1368 5745 8696 4568 3860 6753 3467 7183 6212 1797 8974 9672 2923 2311 4575 1037 9828 2050 9522 7911 7651 8444 4138 8143 4065 3537 3668 3404 4952 7931 8697 3340 9894 7522 3141 109
74 7672 6600 2257 1973 8998 1691 8275 2606 5847 1824 8120 9201 5147 8678 9047 2530 2398 5470 9898 8246 39 6431 1368 5745 8696 4568 3860 6753 3467 7183 6212 1797 8974 9672 2923 2311 4575 1037 9828 2050 9522 7911 7651 8444 4138 8143 4065 3537 3668 3404 4952 7931 8697 3340 9894 7522 3141 109
75 7672 6600 2257 1973 8998 1691 8275 2606 5847 1824 8120 9201 5147 8678 9047 2530 2398 5470 9898 8246 39 6431 1368 5745 8696 4568 3860 6753 3467 7183 6212 1797 8974 9672 2923 2311 4575 1037 9828 2050 9522 7911 7651 8444 4138 8143 4065 3537 3668 3404 4952 7931 8697 3340 9894 7522 3141 109
76 7672 6600 2257 1973 8998 1691 8275 2606 5847 1824 8120 9201 5147 8678 9047 2530 2398 5470 9898 8246 39 6431 1368 5745 8696 4568 3860 6753 3467 7183 6212 1797 8974 9672 2923 2311 4575 1037 9828 2050 9522 7911 7651 8444 4138 8143 4065 3537 3668 3404 4952 7931 8697 3340 9894 7522 3141 109
77 7672 6600 2257 1973 8998 1691 8275 2606 5847 1824 8120 9201 5147 8678 9047 2530 2398 5470 9898 8246 39 6431 1368 5745 8696 4568 3860 6753 3467 7183 6212 1797 8974 9672 2923 2311 4575 1037 9828 2050 9522 7911 7651 8444 4138 8143 4065 3537 3668 3404 4952 7931 8697 3340 9894 7522 3141 109
78 7672 6600 2257 1973 8998 1691 8275 2606 5847 1824 8120 9201 5147 8678 9047 2530 2398 5470 9898 8246 39 6431 1368 5745 8696 4568 3860 6753 3467 7183 6212 1797 8974 9672 2923 2311 4575 1037 9828 2050 9522 7911 7651 8444 4138 8143 4065 3537 3668 3404 4952 7931 8697 3340 9894 7522 3141 109
79 7672 6600 2257 1973 8998 1691 8275 2606 5847 1824 8120 9201 5147 8678 9047 2530 2398 5470 9898 8246 39 6431 1368 5745 8696 4568 3860 6753 3467 7183 6212 1797 8974 9672 2923 2311 4575 1037 9828 2050 9522 7911 7651 8444 4138 8143 4065 3537 3668 3404 4952 7931 8697 3340 9894 7522 3141 109
80 7672 6600 2257 1973 8998 1691 8275 2606 5847 1824 8120 9201 5147 8678 9047 2530 2398 5470 9898 8246 39 6431 1368 5745 8696 4568 3860 6753 3467 7183 6212 1797 8974 9672 2923 2311 4575 1037 9828 2050 9522 7911 7651 8444 4138 8143 4065 3537 3668 3404 4952 7931 8697 3340 9894 7522 3141 109
81 7672 6600 2257 1973 8998 1691 8275 2606 5847 1824 8120 9201 5147 8678 9047 2530 2398 5470 9898 8246 39 6431 1368 5745 8696 4568 3860 6753 3467 7183 6212 1797 8974 9672 2923 2311 4575 1037 9828 2050 9522 7911 7651 8444 4138 8143 4065 3537 3668 3404 4952 7931 8697 3340 9894 7522 3141 109
82 7672 6600 2257 1973 8998 1691 8275 2606 5847 1824 8120 9201 5147 8678 9047 2530 2398 5470 9898 8246 39 6431 1368 5745 8696 4568 3860 6753 3467 7183 6212 1797 8974 9672 2923 2311 4575 1037 9828 2050 9522 7911 7651 8444 4138 8143 4065 3537 3668 3404 4952 7931 8697 3340 9894 7522 3141 109
83 7672 6600 2257 1973 8998 1691 8275 2606 5847 1824 8120 9201 5147 8678 9047 2530 2398 5470 9898 8246 39 6431 1368 5745 8696 4568 3860 6753 3467 7183 6212 1797 8974 9672 2923 2311 4575 1037 9828 2050 9522 7911 7651 8444 4138 8143 4065 3537 3668 3404 4952 7931 8697 3340 9894 7522 3141 109
84 7672 6600 2257 1973 8998 1691 8275 2606 5847 1824 8120 9201 5147 8678 9047 2530 2398 5470 9898 8246 39 6431 1368 5745 8696 4568 3860 6753 3467 7183 6212 1797 8974 9672 2923 2311 4575 1037 9828 2050 9522 7911 7651 8444 4138 8143 4065 3537 3668 3404 4952 7931 8697 3340 9894 7522 3141 109
85 7672 6600 2257 1973 8998 1691 8275 2606 5847 1824 8120 9201 5147 8678 9047 2530 2398 5470 9898 8246 39 6431 1368 5745 8696 4568 3860 6753 3467 7183 6212 1797 8974 9672 2923 2311 4575 1037 9828 2050 9522 7911 7651 8444 4138 8143 4065 3537 3668 3404 4952 7931 8697 3340 9894 7522 3141 109
86 7672 6600 2257 1973 8998 1691 8275 2606 5847 1824 8120 9201 5147 8678 9047 2530 2398 5470 9898 8246 39 6431 1368 5745 8696 4568 3860 6753 3467 7183 6212 1797 8974 9672 2923 2311 4575 1037 9828 2050 9522 7911 7651 8444 4138 8143 4065 3537 3668 3404 4952 7931 8697 3340 9894 7522 3141 109
87 7672 6600 2257 1973 8998 1691 8275 2606 5847 1824 8120 9201 5147 8678 9047 2530 2398 5470 9898 8246 39 6431 1368 5745 8696 4568 3860 6753 3467 7183 6212 1797 8974 9672 2923 2311 4575 1037 9828 2050 9522 7911 7651 8444 4138 8143 4065 3537 3668 3404 4952 7931 8697 3340 9894 7522 3141 109
88 7672 6600 2257 1973 8998 1691 8275 2606 5847 1824 8120 9201 5147 8678 9047 2530 2398 5470 9898 8246 39 6431 1368 5745 8696 4568 3860 6753 3467 7183 6212 1797 8974 9672 2923 2311 4575 1037 9828 2050 9522 7911 7651 8444 4138 8143 4065 3537 3668 3404 4952 7931 8697 3340 9894 7522 3141 109
89 7672 6600 2257 1973 8998 1691 8275 2606 5847 1824 8120 9201 5147 8678 9047 2530 2398 5470 9898 8246 39 6431 1368 5745 8696 4568 3860 6753 3467 7183 6212 1797 8974 9672 2923 2311 4575 1037 9828 2050 9522 7911 7651 8444 4138 8143 4065 3537 3668 3404 4952 7931 8697 3340 9894 7522 3141 109
90 7672 6600 2257 1973 8998 1691 8275 2606 5847 1824 8120 9201 5147 8678 9047 2530 2398 5470 9898 8246 39 6431 1368 5745 8696 4568 3860 6753 3467 7183 6212 1797 8974 9672 2923 2311 4575 1037 9828 2050 9522 7911 7651 8444 4138 8143 4065 3537 3668 3404 4952 7931 8697 3340 9894 7522 3141 109
91 7672 6600 2257 1973 8998 1691 8275 2606 5847 1824 8120 9201 5147 8678 9047 2530 2398 5470 9898 8246 39 6431 1368 5745 8696 4568 3860 6753 3467 7183 6212 1797 8974 9672 2923 2311 4575 1037 9828 2050 9522 7911 7651 8444 4138 8143 4065 3537 3668 3404 4952 7931 8697 3340 9894 7522 3141 109
92 7672 6600 2257 1973 8998 1691 8275 2606 5847 1824 8120 9201 5147 8678 9047 2530 2398 5470 9898 8246 39 6431 1368 5745 8696 4568 3860 6753 3467 7183 6212 1797 8974 9672 2923 2311 4575 1037 9828 2050 9522 7911 7651 8444 4138 8143 4065 3537 3668 3404 4952 7931 8697 3340 9894 7522 3141 109
93 7672 6600 2257 1973 8998 1691 8275 2606 5847 1824 8120 9201 5147 8678 9047 2530 2398 5470 9898 8246 39 6431 1368 5745 8696 4568 3860 6753 3467 7183 6212 1797 8974 9672 2923 2311 4575 1037 9828 2050 9522 7911 7651 8444 4138 8143 4065 3537 3668 3404 4952 7931 8697 3340 9894 7522 3141 109
94 7672 6600 2257 1973 8998 1691 8275 2606 5847 1824 8120 9201 5147 8678 9047 2530 2398 5470 9898 8246 39 6431 1368 5745 8696 4568 3860 6753 3467 7183 6212 1797 8974 9672 2923 2311 4575 1037 9828 2050 9522 7911 7651 8444 4138 8143 4065 3537 3668 3404 4952 7931 8697 3340 9894 7522 3141 109
95 7672 6600 2257 1973 8998 1691 8275 2606 5847 1824 8120 9201 5147 8678 9047 2530 2398 5470 9898 8246 39 6431 1368 5745 8696 4568 3860 6753 3467 7183 6212 1797 8974 9672 2923 2311 4575 1037 9828 2050 9522 7911 7651 8444 4138 8143 4065 3537 3668 3404 4952 7931 8697 3340 9894 7522 3141 109
96 7672 6600 2257 1973 8998 1691 8275 2606 5847 1824 8120 9201 5147 8678 9047 2530 2398 5470 9898 8246 39 6431 1368 5745 8696 4568 3860 6753 3467 7183 6212 1797 8974 9672 2923 2311 4575 1037 9828 2050 9522 7911 7651 8444 4138 8143 4065 3537 3668 3404 4952 7931 8697 3340 9894 7522 3141 109
97 7672 6600 2257 1973 8998 1691 8275 2606 5847 1824 8120 9201 5147 8678 9047 2530 2398 5470 9898 8246 39 6431 1368 5745 8696 4568 3860 6753 3467 7183 6212 1797 8974 9672 2923 2311 4575 1037 9828 2050 9522 7911 7651 8444 4138 8143 4065 3537 3668 3404 4952 7931 8697 3340 9894 7522 3141 109
98 7672 6600 2257 1973 8998 1691 8275 2606 5847 1824 8120 9201 5147 8678 9047 2530 2398 5470 9898 8246 39 6431 1368 5745 8696 4568 3860 6753 3467 7183 6212 1797 8974 9672 2923 2311 4575 1037 9828 2050 9522 7911 7651 8444 4138 8143 4065 3537 3668 3404 4952 7931 8697 3340 9894 7522 3141 109
99 7672 6600 2257 1973 8998 1691 8275 2606 5847 1824 8120 9201 5147 8678 9047 2530 2398 5470 9898 8246 39 6431 1368 5745 8696 4568 3860 6753 3467 7183 6212 1797 8974 9672 2923 2311 4575 1037 9828 2050 9522 7911 7651 8444 4138 8143 4065 3537 3668 3404 4952 7931 8697 3340 9894 7522 3141 109
